  -99.7497   -92.2849
   12.7171   -49.5834
  -61.3392   -62.1448
   61.7481   -50.4624
   17.0019   -69.2984
  -4.02539    24.0638
  -29.9417    77.0745
   79.1925     87.817
    64.568   -60.8692
    49.321    55.9313
  -65.1784    29.1116
   71.7887    31.3517
   42.1003    81.8293
   2.70699   -8.90835
   -39.201    84.2586
  -97.0031    32.8349
  -81.7194   -69.8477
  -27.1096    27.2683
  -70.5374    13.9073
  -66.8203   -15.5919
    97.705    88.6044
  -10.8615    8.11487
  -76.1834     15.714
  -99.0661    7.29087
  -98.2177   -48.9425
   -24.424   -20.6091
   6.33259   -29.9478
   14.2369   -92.6756
   20.3528    59.0503
   21.4331   -60.6983
  -66.7531   -85.9432
    32.609   -22.1168
  -9.84222    18.1494
  -29.5755    -85.815
  -88.5922   -60.4663
   21.5369   -68.8223
   56.6637    28.8675
   60.5213   -9.13419
   3.97656    20.8594
    -39.61    39.4696
   75.1946   -11.7405
   45.3352    36.8938
   91.1802   -20.6946
   85.1436    67.1438
   7.87072    18.4423
  -71.5323   -60.0818
  -7.58385    89.8923
  -52.9344    75.2007
   72.4479    -21.659
  -58.0798    97.4914
   55.9313   -62.9383
   68.7307    79.1437
   99.3591      14.89
    99.939   -11.5879
   22.2999    25.4677
  -21.5125    41.7035
  -46.7574   -90.0754
  -40.5438   -42.8877
   68.0288   -47.9598
  -95.2513   -18.4729
  -24.8268    79.0643
  -81.4753    42.0392
   35.4411    45.6893
   -88.757    79.2108
  -98.2421   -21.2867
    83.758   -20.5176
  -44.8225    80.7733
  -45.4207   -38.2794
   17.5817   -22.3792
   38.2366    14.1148
   67.5222   -29.2886
   45.2986    46.7391
  -3.01218    49.0707
  -58.9282    47.2762
   48.7472    47.8866
  -6.30818   -72.1366
  -8.40785   -59.9658
   89.8312   -45.4817
   48.8876    36.0881
  -78.3441     82.226
   19.8096   -26.4321
   -22.953    3.53099
   47.0016   -78.1243
   21.7933    81.4875
    14.481    -59.386
  -27.7322    3.59203
   -69.689    30.9671
  -54.9791   -12.2959
  -14.9693    37.5286
   60.5762   -81.9147
   3.42112   -84.0876
    97.998   -84.8445
   50.3098   -94.4395
  -30.8878   -28.9834
  -66.2038    -38.554
   31.4615    39.4574
  -1.62053   -71.4652
  -87.2921   -21.0303
   39.9518   -86.4315
  0.961333    35.1482
  -70.5008    44.9873
   89.9167   -60.2588
  -71.6849    38.8043
   81.0236    23.1422
   38.5784    30.9793
  -39.3902    8.79849
  -14.6886     -80.34
  -85.9249    9.07315
   93.3226   -90.0754
   36.6375    94.9156
  -69.3533   -7.19321
   75.4509     93.994
   64.3361    45.5733
   16.4098    6.19221
  -61.7298    35.9844
  -64.4215    38.5601
   63.4388   -25.5776
  -4.94705   -22.2755
  -68.8894   -90.0082
  0.784326    61.9556
   46.4034   -66.0878
  -18.8818   -87.8353
   -44.084   -37.8887
   13.7486    56.8957
   36.4483    -57.506
   51.1704   -35.6182
   44.3831   -3.06711
  -4.94095   -98.1689
   -75.396   -12.0273
  -26.4382     1.5717
   66.9362     21.189
  -92.9807    51.7075
   3.40281   -19.7851
   32.5968   -30.0394
  -14.7557    68.5293
  -79.0643     88.464
   89.8679     24.662
   84.2769    99.4568
   9.90936   -89.3063
  -30.8023    12.5706
  -5.65508    72.7103
  -25.0038   -22.6478
    69.396   -38.7188
  -36.6253   -43.1562
  -8.78018   -94.6593
  -45.6221    22.5135
   96.5941   -21.7627
  -40.4401   -96.2767
   47.8378   -93.7925
   13.4556   -8.85952
   -60.802    71.5873
   52.2629    87.3531
   67.8884   -19.6203
  -20.4688    45.4573
  0.180059    22.3182
   78.0328    61.6749
  -94.5067    75.0847
   98.9257    16.5197
   14.5177    19.0039
  -89.8984   -84.1975
   6.26545    58.6352
  -61.1866   -7.55943
   68.6087    18.1249
   25.3517    17.8869
   31.5226    13.8401
  -60.4297     63.213
   68.4317      34.55
  -75.3349   -31.2845
  -78.0145   -97.9553
   48.6251   -46.5377
  -37.1868   -31.6874
   88.2138   -53.5813
  -42.7839    54.2039
  -32.7372   -25.6508
  -71.9474    73.9738
    46.617   -76.6289
    66.924    45.1155
   41.5998    25.7851
   20.0476    78.7896
    49.443   -63.3961
  -49.4552    7.11386
  -71.1051     80.401
  -99.6765    56.0167
  -87.7987    93.0418
   61.2476   -60.5274
   70.5252    80.3095
  -57.8845    59.4836
  -76.8792    90.6796
   10.6418    69.7623
  -97.1496    78.0694
  -77.2454    25.7424
  -9.09757   -62.9078
    50.444    23.3863
   37.2295   -47.0016
   8.68862   -49.8703
  -85.2229      46.44
   -12.656     57.622
  -59.6118   -65.8132
   39.2438    42.7778
  -41.9294   -3.81176
  -12.6621   -83.7031
  -53.5142    61.3086
   15.5736    71.0685
    6.5157   -75.0725
   25.7363   -38.5052
  -67.9617    14.6641
  0.827052   -5.40483
   92.6084    52.4094
   39.1522    -61.626
   84.9605     45.555
  -62.0106    99.0051
  -32.8104   -96.9298
    -64.33    29.5267
   99.0356    38.3282
  -8.51161   -65.1723
   99.6033    -85.577
  -80.4987   -45.0056
   25.0343    35.3252
  -81.1213    67.7847
  -12.4546    11.3315
   86.3033   -25.7546
  -90.3134    55.9008
   78.9239   -53.4959
  -41.9965    27.6467
  -54.5396   -53.6668
   53.8133   -59.0808
  -17.8564    94.2076
  -59.6057   -43.6506
   25.6142   -95.4222
   20.8289    53.8438
  -9.67742   -69.6341
  -6.72933   -90.6064
   19.5654   -98.1506
   26.9448   -30.2835
   70.9586    28.7759
   65.7582   -31.3517
    24.955   -17.0873
   44.1816   -16.6967
   13.1504   -81.8659
  -24.9733    9.03653
  -63.1458    39.8541
   47.5814   -32.4015
   11.0263    31.5043
   81.0175    75.2495
  -51.4267    7.09555
   -62.212    14.0049
   20.9449   -89.2026
   39.7015    -6.8453
   16.9225   -48.0026
  -29.7403   -14.6397
  -1.10782    72.6676
  -83.9228   -2.68258
   48.1491   -82.5129
   22.4097    13.1626
   24.0761    41.8806
   38.2244    55.6932
   60.9058    72.8446
  -70.1773    70.1102
   15.2074   -41.3984
   73.5466    72.8751
   82.3115    28.9834
   22.9408    49.3698
   45.5367    65.7277
  -91.3572    53.1236
   33.5551    74.3828
   95.3063    81.6645
  -36.9976    82.5068
   13.8401    4.39161
  -38.8348   -11.9663
   -65.215   -78.4722
  -78.2891   -29.1971
    73.809    64.6107
   70.2445   -14.4566
   48.8632   -66.0329
  -69.0237   -99.8291
  -34.6171     31.492
  -84.1304    54.7105
  -84.6797   -87.2555
   28.1961   -82.0368
   64.0004   -22.8675
   9.01822    36.7779
  -10.3488    61.5223
  -18.2043   -69.1824
  -40.2509   -71.4286
  -6.88803   -90.3073
  0.241096   -30.7718
  -69.4693   -96.2889
  -35.3923    95.6847
   47.5997    29.5267
  -37.2234   -89.2697
   65.3371    82.8303
   91.8149    27.4941
   74.6696    -13.657
   45.0056   -95.7884
  -39.9884   -51.4817
   88.7997   -21.6102
  -74.5537    30.8023
  -86.8526    56.3768
   56.9933   -95.4344
   4.91653    65.2089
   21.9275   -72.3136
   91.2229    26.8532
  -85.5464    10.0803
   75.1274    96.6979
   30.7718   -7.31529
  -35.5754   -57.0421
  -79.0399   -39.8602
   1.01016    56.4318
  -54.5824    -31.492
  -41.9416    -3.8789
   83.9961    21.6041
   10.2329   -79.4977
   32.5602    96.8871
  -77.0928    51.1643
  -1.49236   -69.8233
  -24.1737   -8.71914
 -0.637837    42.3261
   58.6718    99.7497
   1.85247    55.1012
  -23.5267    28.3303
   37.6324    24.2409
   6.43025    89.2209
   21.2561    37.6324
  -20.9632   -42.0392
   -98.822    13.4312
   41.5754   -41.9233
  -79.8761     9.6469
   24.6132    42.4726
   72.6493   -50.7126
  -1.69988    9.33561
   49.4675   -1.47404
 -0.619526    90.4111
  -23.9784     33.964
   57.0727     53.032
   10.5625    24.6742
  -28.5806   -10.8493
   91.1435    59.7522
   26.1696    49.1073
   -64.684    97.7844
  -25.1503   -59.0747
  -73.6747     25.895
   48.6557    81.9636
   90.3439    18.2592
   22.3975    83.6787
  -94.4334    1.10782
  -34.0312   -2.12104
   -88.818   -10.0558
    27.842     77.868
  -73.6747    88.0795
   69.4143   -63.4144
   72.8629   -49.6078
   19.3762   -59.3982
   44.3281    46.0982
   70.7938     88.226
  -97.0641     25.016
  -74.7063   -91.7295
   41.5815    28.2693
   23.4291   -93.0967
  -56.4867    11.2705
  -86.8099    8.89615
   -66.216   -10.7334
   24.8207   -87.7255
  -31.8033    99.2065
  -36.1187   -74.4499
   -26.487    20.1819
   32.2001   -89.9289
   60.4785   -65.4408
   61.3758    32.0475
   5.30717   -33.5124
   22.2205   -36.8084
   59.6362    30.7169
   80.1202    -17.893
  -71.0379   -14.4993
   26.0353   -55.6749
  -19.5166    35.7036
  -49.2599   -66.7104
   -72.692  -0.491348
   71.0379    1.52898
  -86.7672    60.5457
  -14.4383   -12.9856
   14.6702   -99.0967
  -39.5428   -32.1024
   9.61028   -24.8207
  -54.8875   -74.2851
    -37.73    65.4653
  -77.8741    46.6597
   61.6077    78.2281
  -73.0583     28.666
  -43.1501    30.1187
    57.622    2.89621
    79.046     46.794
   57.9272    47.4349
   48.7594    91.4182
   23.0445   -6.83309
  -27.7749   -27.3476
   71.3309   -77.5628
  -54.3016     80.932
   72.7165    64.2445
  -54.1124   -9.04263
    -50.09   -78.2647
   8.48109    73.8884
   96.9665    52.2752
  -89.2392   -92.1751
  -83.7153   -16.6662
   4.93484     87.225
  -14.6397   -86.4498
  -81.0663   -67.0278
  -48.2406   -57.7441
   78.3074   -76.6167
  -53.4471    18.2226
    -70.69   -76.3298
  -74.9809    23.6549
   86.3277    16.0192
  -83.9778    38.0596
   -90.582    46.3118
  -88.2565    83.1294
  -32.7189    33.9457
   82.9402   -40.2997
  -20.2795    61.7725
  -13.4434   -24.3629
   89.2331    99.4995
   67.4368     54.503
    6.8453   -59.1174
   68.4194   -65.8864
   38.7066   -22.3487
  -20.4627   -63.7562
  -48.1674    16.1962
  -99.1333   -60.8753
   5.11795    92.0286
   90.9604   -61.9495
  -20.2612   -23.6549
  -51.7808    -39.201
   17.1117   -75.8354
  -48.9731   -60.3687
   36.8023   -90.7529
   89.0561    54.2344
  -12.9002     52.208
    78.045    76.2078
  -98.5656    -99.646
   88.1954   -10.2756
   20.3101   -14.7252
   57.2314    60.3076
   15.3356   -7.73034
   -71.514   -1.02847
  -55.5345    49.8764
  -23.3985   -52.2996
  -99.1455    11.8809
  -16.4159   -81.4508
  -83.5505     84.405
   31.9864    78.7652
   71.0196    71.4042
  -87.0296   -88.0734
    62.212   -1.82196
   32.4137    26.4077
   38.2977     49.443
   60.5396    51.2131
   6.02741    -48.851
   37.1258    81.9819
  -71.4469    58.3972
   37.9009   -60.0757
   45.5794    10.5686
   55.5467   -89.7519
  -93.7864    4.43434
   73.7358    58.0737
   28.9041    40.8307
   41.3129   -95.1903
  -82.9096    46.3485
   10.3977    10.6723
    89.581    82.8425
  -88.2443    75.1091
  -45.0056     59.386
  -70.9647   -38.9142
   96.3561    -21.012
   23.9967   -3.62255
   -41.551   -89.4833
   84.4966    30.3934
  -26.4931   -99.8291
    38.908    53.7156
  -56.2731    51.2375
  -68.8162   -56.0533
  -51.8906   -69.0481
   4.28785   -88.4945
   80.4559    34.1227
  -78.7164   -93.4629
   80.5292   -30.8267
   -11.655    39.5734
  -83.9778    59.6301
   56.4196   -12.7476
  -65.6423    96.3439
    94.879    27.1096
   55.1744   -40.9406
   74.0776   -4.60524
  -57.8722    74.8711
  -8.67641   -84.1426
  -99.2492   -79.8029
   50.1267   -71.3553
  -77.1905   -71.3981
  -19.0588    83.5994
  -37.7728    -38.255
   98.5229   -25.2358
   62.7674   -16.2816
  -90.6735     21.659
   62.8407    55.3514
  -52.0005   -83.2698
    79.577   -69.7623
  -48.6984   -58.4155
  -46.1287   -82.5312
  -58.3972   -36.5459
  -54.1246   -5.63677
   69.2312    25.8278
   74.9687   -33.4452
   77.5384   -84.1365
   68.9566    22.9041
   21.8543   -71.4347
   -91.821   -43.8581
  -65.2944    64.9953
  -63.2496    -12.186
  -28.8186     98.883
  -10.1474   -55.8092
  -62.9872   -78.5333
   78.8934    3.79955
   24.6071   -47.0809
   9.26847    -98.529
   82.3359    15.2501
   4.51979    54.1124
   46.1287   -78.4967
   99.8657    93.8414
   93.8658   -26.1147
   73.4855    80.7978
    68.041    4.34278
  -70.6656   -55.4674
  -25.1198   -39.4757
  -43.1257   -4.30616
  -65.8071   -37.8765
   94.7508   -17.1178
   48.3627    52.9466
    43.321    68.3218
  -93.8231   -22.1778
   29.0078   -14.5054
   62.5416    44.8347
   47.1847    46.9832
   63.6341   -81.7194
  -75.0725   -83.6543
   43.7788    50.6149
  -24.9855     69.396
   29.9661    27.5613
   83.0866    -28.074
   77.9351   -4.99588
  -93.5667   -81.1213
   54.6983   -16.9408
  -10.2268    -62.328
  -98.4863   -31.3761
  -54.2772    82.6777
   -16.306   -54.1368
  -68.6819   -37.9376
   83.8069   -69.1458
  0.338755   -31.6935
  -51.4267   -63.5426
   50.8957   -45.5428
   81.3044   -58.8122
  -57.3046    -65.508
  -93.5789   -32.9447
   54.2344   -86.9137
  -54.3504   0.381481
   11.3193    92.7366
   61.2781    61.8519
   70.4031   -10.7089
  -33.6772    82.5983
   7.78527   -64.1469
   98.3581   -3.61644
   73.8701   -5.58184
   29.3741     39.848
  -54.4542   -50.2792
   62.5599    87.3409
  -25.7912   -44.5112
  -26.6213   -40.0922
  -93.0052    64.4887
   12.2593    63.9271
   -20.426    25.9804
   -76.043    59.0136
  -35.0139   -98.5595
   79.8029   -47.8072
  -59.7034   -42.0942
   88.0367    90.5942
   -74.987    71.8925
    69.866    3.48827
   78.7896    41.5021
   -10.886   -48.7655
  -55.5773    84.2097
   26.9509   -1.74871
   12.0151   -81.2922
   24.8085    65.1967
  -15.2684   -84.6614
   -96.704   -43.4736
   72.8263   -23.2276
  -72.0756    28.6538
  -46.5194    3.01828
  -41.6059   -13.6937
   36.3323   -71.8558
   12.2898     94.995
   91.7661   -85.0764
   21.4454   -98.9624
   57.6464    82.9585
  -15.4576   -17.6672
   63.6769    51.0666
   47.8927   -62.4683
  -72.8446   -79.6564
   3.30515   -15.3722
  -95.9838    35.5876
  -98.6023    5.48418
   49.6628    64.8427
  -33.2255    67.4368
   80.4254   -45.7015
  -7.54723  -0.100711
   53.5813    74.0898
  -89.8984   -70.2017
    26.194    94.1588
  -95.1659    7.67541
   36.4849   -55.8641
   93.8169   -86.6512
 0.0885037   -59.0747
   41.2763   -60.4541
  -46.8123   -61.4185
   64.4704    -60.094
   29.3252    91.3572
   19.4433    18.6987
  -47.2762    47.7584
   68.8467   -41.1237
  -7.98669    35.9661
   49.6323    57.2253
  -29.6793    84.2647
  -97.1007    85.6868
  -4.69069     68.865
   25.2968    -48.204
  -19.2236   -78.9117
  -23.2765   -87.6217
  -94.4761     80.755
  -42.2346    -70.336
   19.3701    78.5516
   76.7754   -28.1167
  -13.5655    91.3388
   86.3094   -23.6854
  -23.4046   -33.7077
   6.62557    36.9121
  -97.9858    77.5079
   94.8485   -23.9784
   73.0399   -13.3457
  -12.5156    34.9284
   39.9274   -46.5804
  -33.4086   -3.43333
   20.4688    5.56963
 -0.289926    60.4114
   11.9236    58.8244
  -92.1995     49.266
  -24.3568   -2.66427
  -53.3921    65.5568
   87.4691    11.8076
   71.9047   -44.2427
    92.822   -30.5643
   21.7627    -89.172
   16.7943    82.2504
  -84.7102    52.5803
  -18.5949   -26.3039
  -38.9386   -43.5224
 -0.283822   -57.7502
    -83.99   -35.0871
   74.9565   -89.9716
  -39.1461    76.3237
   56.3036   -50.2365
    86.578   -19.2358
   17.6855   -71.0257
  -56.7553    75.0542
  -44.1389    21.6224
   12.1433    56.7309
   74.8833   -60.6311
  -49.9863   -9.65911
  -39.7198    52.3545
   45.4268   -13.3335
   73.3207    27.2927
  -53.7828    60.9119
   -61.858   -65.1112
  -10.6418   -35.4656
   78.0694    92.6389
   14.8656    41.8806
  -94.2442   -60.4907
   99.0478    72.5761
  -88.1527   -90.5393
    23.838    48.6435
  -48.6129   -92.7915
  -66.0329   -73.8334
  -76.7754   -83.5261
  -53.7034     10.538
  -1.02237    13.7913
   91.9614    6.60115
  -90.1425   -56.2243
  -84.0754   -84.5637
  -32.4686    -39.079
  -44.0535    -87.109
   3.10984   -17.7465
   -1.8891   -73.2597
  -17.5451   -49.6628
   84.9422    64.1285
   20.2124    1.75481
  -41.5693   -46.2569
  -4.84939     97.589
  -19.6692    83.3064
   90.2646   -75.6523
   9.67132   -43.1135
   66.9851    41.3923
   58.8855   -5.81378
    60.332   -41.0504
   18.5705   -31.0709
   74.0165    5.02029
  -36.3872    62.2242
   87.8353    3.44554
  -46.4156   -86.5352
   88.6654    65.8437
   43.7544    10.8798
  -74.4743   -79.2718
   54.9791    1.91351
  -5.42314    89.3368
  -64.8183    44.6211
  -94.6654   -5.21561
  -91.6746   -9.73846
  -9.04263    83.7764
   72.4601    9.76897
  -72.7775   -26.9448
  -97.1068    76.8731
   -57.445    31.9437
   63.7074   -75.4936
   59.4409    1.48015
   55.9313    -77.514
   31.6996   -44.0413
  -40.2509    9.29289
   56.2853    58.2568
   84.3013   -26.1635
   68.4256    71.6239
  -51.4756    48.8693
   -0.2472   -7.22983
  -95.3978   -28.0679
  -84.8567   -11.5818
  -93.8231     17.185
  -28.7576    -24.192
   43.0647    26.4077
  -18.0395    11.5207
  -63.9149   -3.48216
  -40.4157     67.333
  -63.5792    -62.859
   48.9792    -98.059
  -73.0522   -78.1487
  -88.3541    -91.876
   5.12406   -55.6444
  -28.2266   -48.8083
   61.3453   -17.9418
  -68.2363    41.5204
   79.9738   -11.4536
  -73.6381   -73.3879
  -94.1527    8.81069
  -63.7135    71.3553
   63.6158    61.3269
  -50.1572   -56.3463
   14.1392    84.7652
  -30.6192   -37.3272
   7.98669   -71.3553
   32.9814    21.3721
   74.1508   -97.9431
   86.5047     91.113
   89.0561    7.44957
  -78.9605   -22.6234
  -69.3533   -97.5219
    11.594   -52.5864
   60.0513    77.1416
   79.0277    18.4912
  -85.4976   -69.4815
   74.4621   -96.6918
   64.4826    7.04062
  -22.3426     83.343
   9.75677     30.546
   34.3913   -55.1073
   -9.8117   -18.8879
  -43.7239    93.1639
   89.8923   -80.5841
   96.4293   -20.0842
   45.6099    1.22379
   18.9611   -32.9386
  -45.5245   -34.3181
  -73.6076    25.0832
  -60.4114   -49.8459
   20.1025   -42.0087
  -2.52998    6.70492
  -28.9346    79.7357
  -54.0147   -4.38551
  -4.31227   -34.3669
   38.3587    34.9162
   89.6298   -7.93176
   34.2265    16.5502
   96.5148   -17.4474
  -52.4949      84.46
    2.7131   -75.8049
  -52.8367    32.9447
   79.6075   -70.2628
  -3.12815   -50.5234
  -34.7087   -77.6849
    7.4984   -79.5953
   14.1575    37.9009
  -32.6945    65.2882
   -30.369   -1.85247
   -66.155   -9.25016
   -41.966    30.6864
  -56.1449   -16.2999
   84.5637    27.9824
   47.9354   -80.1569
   61.4002    66.1184
   30.0882   -26.2734
   37.3394    75.5913
  -45.9822    4.00708
   53.3738    92.4558
  -87.1151   -21.0608
   44.3525    45.1399
   71.8131    26.1208
  -31.6874   -25.1747
  -91.1252     62.682
  -3.14035     70.513
  -95.8434   -87.2127
   67.6382    48.7167
   23.7037   -27.5246
   8.11487   -52.8794
   20.8106    63.7928
   13.7364    56.7431
   55.4735   -45.2132
   28.0068    12.6438
   39.3475   -65.0563
   51.9883   -75.1518
   73.6015    51.4206
  -68.4011   -17.2399
  -15.2989   -44.1145
   57.2924   -65.8071
  -95.7152    8.84121
  -12.3264   -51.7502
  -91.5708   -36.2774
   1.26041   -54.9852
   -46.147     31.608
   -86.346    39.6832
    -51.03    34.0495
    96.411     28.666
   1.29093   -88.7936
   23.1056   -34.0983
  -85.7967    90.4477
  -26.4992   -35.8623
   91.1069   -38.4747
   72.0145   -67.4062
  -32.5053   -26.2917
  -51.6221   -44.7127
  -42.0942    92.2239
  -89.8068   -52.7573
   98.5412   -47.8378
   -65.508    24.9672
  -86.2178     51.207
   -55.974    16.5624
  -39.8175   -45.7991
   57.3717    42.4299
   29.9234   -32.4198
  -83.2636    42.8266
  -47.4471   -95.6847
  -72.7042    40.1105
  -56.4928    26.1391
   12.5156   -74.7246
  -64.3483    43.9741
   26.4565   -23.8197
  -78.6187    4.78835
  -9.25626    72.8263
   51.7685    18.3874
  -33.2377  -0.967437
  -88.5189   -93.8414
   -43.498    34.3547
   38.8592    10.6967
   74.6513   -30.0821
   13.5166    14.5177
   73.6991     52.855
   -83.758   -95.4711
   59.0808   -99.8718
   99.9329    9.39055
   26.9997    49.6139
   23.7709    -43.553
    18.955    58.8061
   18.6254    67.0461
  -61.1499    44.7615
   95.7762   -40.7086
  -53.6973    7.73034
  -91.5403   -18.8818
  -52.1897   -79.6442
  -48.9731   -22.1229
  -18.6377   -80.6574
   58.9892    33.6406
  -45.5061   -67.6321
   80.0104    38.1878
  -24.1127    34.1533
   45.5123    47.7035
  -58.7024    77.6482
  -89.4101    51.3169
   20.9143    13.9012
  -29.2032   -47.0138
  -27.7505   -77.7093
   33.6222   -46.5743
   95.2086    46.6903
  -55.2721    95.4955
   79.1559   -2.42012
   -30.607   -57.0177
   90.7041    60.2405
   33.0241    22.5806
  -59.6667   -30.2957
  -43.5286   -3.47606
  -28.9102    99.7009
   6.39973   -25.2663
  -41.8012    89.5993
  -56.0045   -55.8763
  -80.0775    26.0537
  -78.6554    15.1402
   41.8683   -70.8914
   68.7613    85.9798
    34.373   -8.41395
   63.8295    28.4646
  -98.8464   -90.2707
   -1.7304    31.1502
   20.9265    48.4787
   87.0663   -80.0043
  -41.8744    30.1492
   21.1646   -60.0818
    49.382   -53.1297
   74.7673    46.4278
   82.4458    98.9074
   66.0207    50.8225
   21.1829    78.6615
   -39.024    9.53093
   56.8468    78.3563
  -69.9759    73.7724
   8.52382     23.191
   37.8094    43.9802
   -21.073    46.2142
   98.6389   -69.6158
  -79.6136    51.2436
  -17.6794   -69.4449
  -94.5128   -19.0527
   37.4859     22.898
  -48.2223    43.3576
  -66.1977    65.9963
  -54.2711    77.2088
  -62.1998   -87.2555
   72.4418   -21.0486
   52.6597    20.7251
  -90.4782    -2.3835
  -3.35398   -9.72625
  -88.7692    52.3606
   92.2483    15.7567
  -83.0012   -32.8532
   13.0955    16.6112
   92.5108   -27.9336
   14.7801    49.9496
   75.7317   -83.7092
  -18.2592    -80.871
  -19.3701     99.414
  -17.3009   -91.1069
   31.7057   -20.6641
   64.6718   -78.3624
   89.0378    -17.008
   -43.376   -13.2176
  -99.5544   -46.0555
   23.2521   -9.39665
   -90.112   -55.0035
   31.2113    -47.734
  -15.6102    28.3486
   90.8994    78.6187
   20.7923    75.7927
  -59.8254   -10.1352
  -17.1239   -17.6611
  -31.8888   -53.5875
   24.6254    92.8831
    61.681    47.8744
  -99.0295   -31.6568
  -78.9483    44.6089
  -21.1158    20.6763
  -44.6272    24.2897
  -36.6436    78.8446
   64.8488    36.4971
   70.7022   -52.8733
  -37.6934   -78.2403
  -60.4663    6.33259
   12.9368    43.1013
   -6.1861    13.5899
   99.0234   -96.9787
  -13.3518    2.18207
  -26.3039   -8.31019
   -16.245     94.171
  -23.0262     77.929
   16.0863    40.4767
   75.5486   -50.8347
  -32.5175   -79.2901
  -21.3233   -46.6659
   90.2097   -6.74154
   1.82806    21.3538
  -90.1852    7.73644
  -22.7638     28.843
  -76.6717    -50.029
   99.6338    22.5806
   47.9843    28.6966
  -91.8332    42.7656
  -99.1211    90.7407
   36.0515    14.0538
   91.2839   -70.9769
   41.3251   -30.5338
   50.1755    71.6849
  -71.7826    55.6566
   35.6548    48.1796
   22.5501    88.3724
   32.5968    61.2842
   95.2025   -78.2403
  -85.7784   -76.3665
   81.4814   -94.9217
   72.2648    88.5128
   25.6996   -11.9358
   77.8008   -59.4348
   15.0304    27.5002
  -69.5608   -60.4602
   79.7235   -33.5734
   14.7801    52.1348
  -47.4105    29.7952
  -64.9037    90.8017
   25.0587   -69.2068
    66.863    26.8227
   34.0556   -64.4704
   71.7277   -15.4332
  -10.2939   -84.6187
   96.5941   -21.0974
   32.0231     51.207
   41.7524    53.4104
  -88.3541     66.332
   63.1947    38.4014
    49.382    -18.601
   94.8302  -0.302133
   67.0705    28.1838
  -37.1746   -83.2942
  -76.4702   -43.1745
  -58.8977   -63.5365
  -41.6425   -53.6729
   89.5566     24.247
   68.4988   -93.4629
  -50.0473    95.8068
  -56.8163    -33.256
   73.2353    96.2035
  -13.8218    5.48418
  -58.8549   -88.8607
   85.7479    14.2491
   50.6638   -17.1545
  -22.0008   -71.2394
  -25.0526    -20.426
    11.594   -69.4937
   26.1452   -39.5428
   88.2138   -56.2853
   47.2518   -89.5199
   47.2091   -46.9466
  -22.2571    19.2602
   10.0375    71.1905
   96.0448   -33.1889
   25.5959     16.599
  -34.4646     84.521
  -13.9927    47.1908
   25.4677    -94.879
   39.1339    57.8295
  -1.97455     27.134
   33.6772   -83.8557
  -46.3301    -79.284
  -79.0521    4.97757
  -86.9625    19.9072
   -72.045    -12.888
  -9.20743     -95.88
  -63.9454    33.4391
   29.3008    95.7579
   71.3553   -15.9337
  -46.7818   -84.8628
   63.5182   -31.4066
   24.9794    64.1713
   83.3613   -78.3807
  -79.5465    80.7184
  -49.1623    17.2094
 -0.570696    42.0759
   40.2264   -62.6148
   40.8246    22.8919
  -78.0816   -91.4487
   -25.602   -44.5906
  -3.64086    12.1982
   92.2056    23.1056
  -80.2301    26.5664
  -9.09757    67.7175
  -81.3654    9.49431
   4.14747    29.0201
  -34.8064    14.2674
   58.1042    91.8149
   64.8305   -34.9162
   47.5631   -89.7641
   12.7903    31.6874
  -89.6542   -58.9587
  -62.5294    58.5803
    98.175    69.0725
  -14.5604   -51.4084
   28.6843     76.165
   44.2854   -2.32856
   80.1508    12.6011
   68.5904    53.1724
   83.0683   -95.8251
  -3.40281    46.5865
   -4.0376   -7.60826
      45.5   -41.9721
   51.5427   -14.5909
  -23.2093    29.9112
   48.9242   -82.0307
   -45.201    84.6919
  -27.4209   -94.9889
  -93.7559   -56.9201
    64.452    50.4135
   51.5793    7.84021
   -13.065   -34.8308
  -55.1439   -99.2737
  -83.5078    82.2382
  -46.8551    40.6354
   25.1381    -45.732
   53.4532    54.2039
  -34.7697   -90.0937
  -49.0585   -57.7929
  -3.00607   -50.7309
   50.3769    9.43327
   12.3875   -94.8668
  -30.4178    -71.221
   39.2621    7.51671
   93.4263    -23.484
  -19.6631   -8.70693
  -45.4634    69.4327
   77.7764   -95.7274
   18.4729    -17.893
   21.3233   -68.9138
  -30.5277    47.9598
   60.2832   -27.7993
   65.9536   -24.0211
   62.9994    -68.096
  -15.3172   -27.9885
  -83.7458   -0.97354
   26.4809   -36.9854
   96.5087   -25.0832
   37.7361    10.6784
 -0.143437    39.6832
  -63.1458   -8.21253
   13.4556   -25.7179
   -52.324   -58.1164
   72.3991    99.1577
  -42.2163   -68.9688
   97.9125    -27.311
   63.9882   -9.18912
  -19.4983   -57.7441
  -35.6548    65.3188
  -20.2673    79.4488
   31.5165    40.5316
   86.1751   -13.3702
   80.7733     41.026
  -44.4624    -42.552
   52.7329   -3.77514
   5.14237      -64.8
   90.4538   -5.96026
    83.404   -34.8308
    28.489   -15.8666
  -90.4172    -95.703
  -47.2884   -9.72625
  -42.2712   -39.9762
   58.4948   -33.5246
  -48.3871   -96.2096
  -42.5947    10.3854
  -29.6182    69.2801
   82.8791    53.7523
   63.6952    25.3822
   -51.323    9.85443
  -35.5693    34.8064
   -54.033    95.4283
   92.2361   -4.65407
  -50.9018     85.699
   86.7183    37.9254
   63.5975    30.4727
  -79.3207    48.0392
   15.4515    81.0907
  -54.5274    10.5258
  -24.8085   -21.0974
  -61.7176   -23.7465
   57.4206    59.1113
   79.3451   -61.1438
  -38.1512   -44.4441
  -89.1659   -85.1192
   50.4074   -23.0934
   43.8581    -33.964
   11.6977   -12.6072
   9.58586   -86.0225
  -26.2795   -8.54213
  -78.1182  -0.271615
  -86.2239   -84.3989
   54.6251    57.5243
  -94.5494   -71.7277
  -35.9722    31.0953
  -38.3343    63.6647
  -71.0074   -15.8483
   5.18509   -55.8153
  -34.5561    71.3553
   48.1429    52.7146
   19.6997   -33.9152
   15.9093   -84.4111
   85.1741   -87.8658
   32.0902   -54.5824
   41.9599    2.52998
   16.2572   -16.7333
  -85.6441    15.9825
  -41.0504  -0.381481
  -97.0763    83.7458
   54.4359   -14.8778
   99.4873   -56.9323
   15.9093    12.9734
  -38.9508    82.0917
  -4.97757    8.08435
  -73.0094    20.6153
   3.12204   -60.1245
  -62.5538    26.2612
   9.91546    -9.6408
  -24.5521    61.0462
   2.18818   -38.0963
   35.4656     15.006
   44.6516    5.34989
   41.5326    35.2641
   23.1605    92.9991
  -75.3288   -73.4916
   91.3938   -41.5387
   46.1287   -92.7549
  -88.7265   -99.3103
  -54.4115   -20.2673
 -0.234993   -71.9779
  -73.2658   -63.7806
   94.7874    24.6071
   -8.6642    -95.996
   56.9262    81.6523
   22.4464    52.6658
   54.9425    73.4123
   22.5196   -27.0058
   67.8762  -0.808741
  -42.2468    14.3712
   99.6094   -18.3935
   71.5262    59.4531
  -32.4381   -66.3869
  -68.5415   -51.1277
    -78.46    7.32749
    92.584   -33.1584
   95.7701    41.0016
   16.8798   -11.5635
  -77.2332    52.3362
  -86.3033   -5.75274
  -33.8115   -89.0744
  -20.3528    3.84228
  -13.8279    85.6258
   46.8856   -9.32951
   60.9119     28.544
   19.3396   -56.7064
   75.6218   -48.2894
   12.7354    55.0462
   81.4692    99.4446
  -58.8183   -17.3376
  -54.1551   -54.9974
  -64.1774   -61.7542
  -12.1189    68.7735
  -35.9233   -6.76595
  -56.6454    31.4005
   66.9485   -96.7528
    56.737   -34.3181
   71.2271   -66.6189
  -20.3894    98.3886
   -11.362    99.7681
   89.7519    4.41603
  -90.4599    70.2445
    57.683   -85.0398
  -39.8785    9.57976
   3.89721    73.2963
  -55.8092    37.7606
   33.7382   -17.4841
  -42.0637    18.8513
   -65.508    42.8694
   74.4438    37.2967
  -5.53301   -41.9843
   68.5598    73.5893
   82.3542    24.4118
   17.0568    -12.949
  -68.1387    30.6742
  -10.7944    74.6086
   36.4055    10.0986
    63.567   -73.3879
    96.411   -66.6066
   93.0906   -31.8155
    2.8901    26.0659
   -82.403    82.7876
  -89.8556    -29.722
   15.3722   -11.3559
   72.5028    29.5755
   18.5339   -97.0153
   20.6702   -58.7024
   16.1046    9.17692
  -43.4004    81.6218
   57.7258    62.5538
  -22.5684   -54.4053
   76.3237    57.1032
  -76.0918    26.1391
   93.5911   -47.9843
  -88.4518   -55.5467
  -16.3915   -50.1938
  -31.2296    7.13828
  -28.2876     50.792
  -99.6033    65.3554
  -36.5886   -92.3154
  -57.6891    54.9486
   56.3707     93.408
  -1.84637    -71.746
  -87.7743   -99.7436
   77.8008    72.8385
   -20.481    34.5561
   13.7181   -24.5827
  -10.9531   -18.2836
   41.3129    55.3514
    13.712   -80.7489
   17.0202    85.9554
   21.2439   -27.7749
  -60.8936    69.4388
   -24.955    64.3056
   55.2049     56.444
    81.164   -58.8733
   12.8574    29.8074
   62.4195     57.329
   59.7766    28.7759
   89.6481    48.4054
    54.033  -0.387585
  -60.5762   -20.3284
   25.9987    46.5316
   2.78634   0.521867
   68.6636    47.8072
   65.0258   -40.6598
   45.8357    21.1097
   38.1268    77.0501
   23.7465   -5.61846
  -20.6946    60.2832
   75.6767    88.8913
   96.5575   -15.8116
   6.57674     74.749
  -49.4003     14.243
    20.011    40.6476
   36.1553    91.5098
   28.1594    54.5091
   90.1364    1.48015
   12.4485    4.47707
  -45.7381   -91.8577
   2.03558    25.8583
  -59.4714   -13.5044
   75.1946    63.5304
  -66.0268   -45.2864
  -70.1956    16.9103
   44.4197    15.1524
   38.3038   -10.3183
    11.362    87.1639
   24.4301    45.1155
    99.292   -20.6519
   99.9878   -25.4616
   19.6387    28.7881
   2.78634   -53.9109
   5.03861    55.4979
  -90.8628   -61.0645
   66.5273   -33.2072
   78.5333    9.11588
   10.2206   -76.8731
  -48.6007   -97.7966
  -98.9319   -30.5094
   86.6573   -49.5102
   63.4999   -30.2103
  -80.0348   -7.56554
  -73.8334    80.4315
   70.8975    56.0289
  -23.6793   -11.4719
   52.4644   -20.9815
  -86.9503    45.8052
  -34.6904     23.954
   -96.765   -25.7973
  -84.9788   -91.2717
  -26.0353   -68.7307
  -98.7487   -60.5457
  -53.9781   -75.1335
   14.9205   -73.4733
   49.2904   -15.5431
  -29.0628   -87.9086
  -12.1189    54.5335
  -77.0501    62.4256
   65.3981  -0.558489
  -21.0486    7.37022
  -36.0271   -76.6106
   86.8587    65.5507
   19.4311    -60.564
   12.8758      3.708
   74.5415    92.0286
    16.953    66.8142
  -52.7207    73.9433
  -35.6792     6.0152
  -53.1846    5.53911
   25.3578   -48.7289
   31.0831   -13.4556
   31.5653     47.203
   52.0859   -85.8577
-0.0762963    21.5491
   2.29804   -90.2646
  -64.8915   -91.2046
  -16.0253   -63.7684
  -5.80157    33.4696
   96.8749   -57.1032
   77.4041    91.9797
  -95.5687    70.3482
   -85.345    -14.713
  -81.4814    9.75066
  -22.1229   -29.7891
  -36.5642    62.1693
   86.4559   -58.3972
   66.4663   -88.5067
   14.7008    54.8326
  -1.16276   -67.1316
  -21.0608    73.3573
   83.9473   -68.0776
   4.39161    4.72121
  -77.4773    75.0603
   72.1915   -4.98367
  -16.4159   -49.2782
   50.5661   -88.6105
   99.1455   -77.4957
  -54.2344   -19.6081
  -93.9634   -78.7774
  -6.93075    90.7102
  -76.3237    99.9817
  -28.9102   -61.9251
  -31.9498    68.8955
   88.7936   -87.5057
  -95.9166    59.3982
   88.4518   -71.9718
   56.2426    66.6982
   55.3331    99.3286
   55.2538   -91.4243
    50.145   -99.6765
   22.8248   -56.2304
  -91.1924    25.6142
  -89.4345    38.7982
   10.8066    37.5164
   39.5367   -16.5319
  -72.9362     48.442
  -42.7168    57.4145
   46.2874   -18.3508
  -33.9824   -32.8715
  -30.4605      1.236
   1.95624    31.8644
   82.2932   -72.6005
   88.9279    19.8218
    84.991    81.5485
   72.2648   -48.8021
   14.0416    62.4195
   87.9452    14.2491
   38.3526    64.3056
    -38.67    11.4475
   98.1811   -63.8234
  -14.9754    -10.831
   88.0612      71.63
   20.9387    31.1014
  -1.79144    38.6517
  -66.8752   -61.5467
   44.9202    30.5948
  -90.2097    2.86569
  -35.3069   -30.0638
  0.552385    27.1401
  -56.0839    50.1083
  -96.9115    88.0306
  -68.5171    82.1894
   7.35801   -9.33561
  -39.8297    48.1491
   69.7378    59.6728
   9.18912   -24.9611
  -30.1309    -26.426
  -99.7559    60.7288
  -76.6961   -99.1089
  -42.8449   -74.1874
   9.71404   -36.0881
  -99.8413   -36.3506
   53.1358    -35.551
  -84.7224    35.7524
   83.5139     79.577
    61.211    38.4808
  -58.2507  -0.106815
  -23.2765   -26.5542
  -10.4221    62.8773
   55.0035   -86.1446
   74.8161    54.6007
   83.0256    96.9115